Euclidean K-means
ARI: 0.000591
NMI: 0.004940
